##FastQC	0.10.1
>>Basic Statistics	pass
#Measure	Value	
Filename	hiSeq1_1.fastq	
File type	Conventional base calls	
Encoding	Sanger / Illumina 1.9	
Total Sequences	47304501	
Filtered Sequences	0	
Sequence length	100	
%GC	36	
>>END_MODULE
>>Per base sequence quality	pass
#Base	Mean	Median	Lower Quartile	Upper Quartile	10th Percentile	90th Percentile
1	32.466717997934275	34.0	31.0	34.0	31.0	34.0
2	32.599444564482354	34.0	31.0	34.0	31.0	34.0
3	32.73556594540549	34.0	31.0	34.0	31.0	34.0
4	36.18059708525411	37.0	37.0	37.0	35.0	37.0
5	36.08344656251632	37.0	35.0	37.0	35.0	37.0
6	36.1077452228066	37.0	36.0	37.0	35.0	37.0
7	36.099925374965906	37.0	35.0	37.0	35.0	37.0
8	36.09062499147808	37.0	35.0	37.0	35.0	37.0
9	37.79272982923972	39.0	38.0	39.0	35.0	39.0
10-14	38.05066558465547	39.2	38.2	39.4	35.2	39.4
15-19	39.115915802599844	40.0	38.4	41.0	36.0	41.0
20-24	39.06213481038517	40.0	39.0	41.0	35.8	41.0
25-29	38.77816039957804	40.0	38.0	41.0	34.8	41.0
30-34	38.39384753260583	40.0	38.0	41.0	34.0	41.0
35-39	38.32757593193933	40.0	38.0	41.0	34.0	41.0
40-44	38.112636085094735	40.0	38.0	41.0	33.2	41.0
45-49	37.893234781189214	40.0	37.6	41.0	33.0	41.0
50-54	37.93533608989978	40.0	37.2	41.0	33.0	41.0
55-59	37.58172596303257	40.0	36.6	41.0	32.6	41.0
60-64	37.13175468862889	39.0	35.8	41.0	31.6	41.0
65-69	36.47465746652734	38.4	35.0	40.0	31.0	41.0
70-74	35.66055723534638	37.4	35.0	40.0	30.0	41.0
75-79	34.432836050844294	36.0	33.6	38.8	28.8	40.0
80-84	34.1726575786097	35.4	34.0	37.6	29.0	39.4
85-89	33.32809133743954	35.0	34.0	36.4	29.0	38.0
90-94	32.64265300251238	35.0	33.6	35.6	28.4	36.8
95-99	31.931833721277382	35.0	33.0	35.0	26.4	36.0
100	31.264430376297597	35.0	33.0	35.0	25.0	36.0
>>END_MODULE
>>Per sequence quality scores	pass
#Quality	Count
2	301.0
3	147.0
4	343.0
5	592.0
6	1234.0
7	3147.0
8	7632.0
9	14027.0
10	20171.0
11	26808.0
12	32976.0
13	38695.0
14	42261.0
15	46551.0
16	53236.0
17	62135.0
18	71718.0
19	83191.0
20	96407.0
21	110640.0
22	128842.0
23	154905.0
24	190598.0
25	239942.0
26	309102.0
27	402700.0
28	448371.0
29	509988.0
30	657416.0
31	848086.0
32	1109162.0
33	1485153.0
34	2073988.0
35	3088855.0
36	5117062.0
37	9146741.0
38	1.3824805E7
39	6810986.0
40	45587.0
>>END_MODULE
>>Per base sequence content	warn
#Base	G	A	T	C
1	15.384101290332817	32.747731659189895	34.009819109547344	17.858347940929946
2	17.63685024391231	33.86534613270733	31.171207154262127	17.326596469118236
3	16.522121224785778	33.64497598230663	32.22062737750896	17.61227541539863
4	16.508404254737997	31.892280998292076	32.94139789907289	18.657916847897045
5	18.434392028846826	31.208420818893806	32.53647704731855	17.820710104940815
6	19.076958351335747	31.346981807779432	31.569646577997062	18.006413262887758
7	18.689255383964415	31.937878384976514	32.24442849529266	17.128437735766415
8	17.878550114932263	32.80646884652382	31.549230193971027	17.765750844572885
9	18.423632336215935	31.450020661280632	32.39199198485641	17.73435501764702
10-14	17.76195435388752	31.667440278807145	32.343764981398	18.226840385907327
15-19	17.464877155819632	31.68789464353822	32.224832879175416	18.62239532146673
20-24	17.55685193677447	31.747979330761783	31.98058298934387	18.714585743119876
25-29	17.842531906700422	31.160312556188547	32.08688977515729	18.910265761953745
30-34	17.92702753892731	31.30834124457787	32.12180597462746	18.64282524186736
35-39	18.25196768917872	31.951964500898438	31.730846841699744	18.065220968223095
40-44	18.38257176043539	31.640565105596046	31.423101566042927	18.553761567925637
45-49	18.42392839400375	31.44725096694088	31.662481869217547	18.466338769837826
50-54	18.609845465449602	31.32168518140292	31.402257537497963	18.66621181564951
55-59	18.3131507866975	31.214514544713612	31.85492712709341	18.617407541495474
60-64	18.47912878255874	31.20378733962904	31.75714290434631	18.55994097346591
65-69	18.50074448042613	32.11011531924935	31.152760642266557	18.236379558057962
70-74	18.29733493122508	32.304821974032244	31.11431868958558	18.28352440515709
75-79	18.39312708562848	31.934466191573186	31.242101125281746	18.43030559751659
80-84	18.474057548160115	31.754184578512547	31.27124327878621	18.500514594541134
85-89	18.488707584049312	31.665458324761207	31.302446287764806	18.54338780342467
90-94	18.514202274324802	31.621805290790405	31.285951837859994	18.578040597024795
95-99	18.569233292000646	31.580392576946863	31.244503662466162	18.605870468586332
100	18.541488156655273	31.571251434075524	31.272848697832472	18.614411711436734
>>END_MODULE
>>Per base GC content	pass
#Base	%GC
1	33.24244923126276
2	34.96344671303054
3	34.13439664018441
4	35.16632110263504
5	36.255102133787645
6	37.0833716142235
7	35.817693119730826
8	35.644300959505145
9	36.15798735386295
10-14	35.98879473979484
15-19	36.08727247728636
20-24	36.271437679894355
25-29	36.75279766865416
30-34	36.56985278079467
35-39	36.317188657401815
40-44	36.93633332836102
45-49	36.89026716384158
50-54	37.27605728109912
55-59	36.93055832819297
60-64	37.03906975602465
65-69	36.73712403848409
70-74	36.58085933638217
75-79	36.82343268314507
80-84	36.97457214270125
85-89	37.03209538747399
90-94	37.0922428713496
95-99	37.17510376058698
100	37.15589986809201
>>END_MODULE
>>Per sequence GC content	pass
#GC Content	Count
0	3.0
1	12.5
2	35.5
3	97.0
4	265.0
5	555.0
6	1051.0
7	1895.0
8	3457.5
9	6253.0
10	10525.0
11	16962.0
12	26752.5
13	40451.0
14	59566.5
15	85433.0
16	117926.0
17	158525.0
18	208898.0
19	270020.0
20	342057.5
21	424294.0
22	518067.5
23	622968.5
24	739187.0
25	866712.0
26	1003937.5
27	1150080.0
28	1300627.0
29	1455567.5
30	1615079.5
31	1767613.5
32	1903906.5
33	2018537.5
34	2107305.0
35	2168132.0
36	2191246.5
37	2177603.0
38	2134842.0
39	2061790.0
40	1962197.5
41	1846466.0
42	1717172.5
43	1572467.0
44	1417238.0
45	1259105.5
46	1106132.5
47	961517.5
48	828040.0
49	711965.0
50	615191.5
51	536234.0
52	470962.0
53	412475.0
54	360527.0
55	316563.5
56	279307.0
57	243514.0
58	206510.0
59	171394.5
60	139206.0
61	114228.0
62	94109.5
63	76039.5
64	62309.5
65	51740.0
66	41541.5
67	32121.0
68	26717.5
69	21938.0
70	17314.0
71	14260.0
72	11117.0
73	8516.5
74	6466.5
75	4670.0
76	2853.5
77	1672.0
78	1417.5
79	1081.0
80	641.5
81	367.5
82	235.0
83	188.5
84	145.5
85	106.5
86	79.5
87	55.5
88	42.5
89	37.0
90	24.5
91	13.5
92	9.0
93	6.5
94	4.5
95	4.0
96	2.0
97	0.5
98	0.5
99	1.0
100	1.0
>>END_MODULE
>>Per base N content	pass
#Base	N-Count
1	0.20454290385601995
2	0.0
3	0.0
4	0.16150471601000504
5	5.9190984807132836E-5
6	0.001384646251738286
7	0.0
8	2.473337579440908E-4
9	0.00220697814780881
10-14	8.03306222382517E-6
15-19	2.1773826554052434E-4
20-24	0.0
25-29	0.001261613561889174
30-34	2.1604709454603482E-4
35-39	5.073512983468529E-6
40-44	0.005290405663511809
45-49	0.027996490228276587
50-54	0.030830892815041002
55-59	0.054985888129334665
60-64	0.06749970790305979
65-69	0.002484752983653712
70-74	6.764683977958039E-6
75-79	6.227737187207619E-4
80-84	0.0013884513864758873
85-89	1.9025673688006983E-5
90-94	0.0
95-99	0.002501664693598607
100	0.3917069117799171
>>END_MODULE
>>Sequence Length Distribution	pass
#Length	Count
100	4.7304501E7
>>END_MODULE
>>Sequence Duplication Levels	warn
#Total Duplicate Percentage	41.924322406068406
#Duplication Level	Relative count
1	100.0
2	42.463590997046545
3	13.400040737345963
4	4.173031876973215
5	1.768679770512951
6	1.0532301320568964
7	0.8317208133890077
8	0.6568897036358081
9	0.48036120446752895
10++	4.911396272532844
>>END_MODULE
>>Overrepresented sequences	warn
#Sequence	Count	Percentage	Possible Source
GATCGGAAGAGCACACGTCTGAACTCCAGTCACGTGAAACGATCTCGTAT	329712	0.6969992136689065	TruSeq Adapter, Index 1 (97% over 35bp)
AGATCGGAAGAGCACACGTCTGAACTCCAGTCACGTGAAACGATCTCGTA	165872	0.3506473939974549	TruSeq Adapter, Index 1 (97% over 35bp)
>>END_MODULE
>>Kmer Content	warn
#Sequence	Count	Obs/Exp Overall	Obs/Exp Max	Max Obs/Exp Position
GTCTC	15292390	5.427146	6.1392474	8
CTGTC	15175275	5.385583	6.0025973	6
GAGAC	12364980	4.4464464	5.9923563	50-54
GACAG	11685460	4.202091	5.8486795	50-54
TCTCT	20495225	4.1750607	4.7234697	9
CTCTT	19165565	3.9041965	4.2979474	10-14
AGAGA	17681005	3.6998904	4.515696	50-54
AAGAG	17453400	3.6522622	9.661932	7
TGTCT	17132770	3.5400622	3.9753373	7
AGATG	16156930	3.3827167	3.9388514	25-29
CATCT	16479595	3.355303	3.8826456	20-24
CACAT	16408775	3.3391542	3.8313837	20-24
ACACA	16394090	3.334439	3.7924917	30-34
ATGTG	15710420	3.290936	3.888311	40-44
TGTGT	15388915	3.2252584	3.8539727	40-44
ACATC	15589510	3.1724353	3.6892917	20-24
GATGT	14962490	3.1342635	3.6925492	40-44
TACAC	15213285	3.0958743	3.512501	30-34
TCTAG	14899465	3.0770113	3.5541363	35-39
CTAGA	14841790	3.063514	3.5683022	35-39
GGAAG	4729310	1.7250062	15.886099	5
GAAGA	8068050	1.6883034	9.891818	6
GAGCA	3993515	1.4360679	15.280258	9
AGAGC	3960595	1.4242299	15.262539	8
GCTTG	3784880	1.3624529	5.2802	60-64
GTCTG	3601435	1.2964177	5.2892733	15-19
CACAC	3653420	1.2769468	5.1696677	10-14
TCTGC	3518160	1.2485666	5.101703	55-59
TCCAG	3408530	1.2090336	5.087507	25-29
AGCAC	3395690	1.2038558	5.0970426	10-14
ACTCC	3419975	1.195972	5.03861	20-24
GCACA	3330710	1.1808187	5.128376	10-14
CCGTC	1818395	1.1084018	7.7630277	50-54
GCCGT	1736115	1.0733979	7.82567	50-54
TGCCG	1710600	1.0576226	7.8618755	50-54
GATCG	2764315	0.9945624	14.705639	1
AGATC	4547445	0.9386443	5.0119257	1
TCGGA	2538790	0.91342163	14.861643	3
ATCGG	2275745	0.8187817	14.693743	2
CGGAA	2260785	0.8129782	14.7269745	4
>>END_MODULE
